probelil legacy 1 24.29 81.60 0.03 32836 4034 1492
probelil semantic 1 0.27 0.26 0.00 14216 5229 1872
markedlil legacy 1 152.48 523.46 0.56 85372 34233 9360
markedlil semantic 1 0.96 0.96 0.00 21136 39738 9398
zodlil legacy 1 185.50 317.52 0.87 250128 124409 29682
zodlil semantic 1 3.01 2.99 0.01 46308 127782 28326
katexlil legacy 1 352.11 390.94 1.07 265312 217382 55404
katexlil semantic 1 4.18 4.08 0.04 69836 238795 57589
probelil legacy 2 29.76 94.41 0.48 33224 4034 1492
probelil semantic 2 0.26 0.25 0.00 14280 5229 1872
markedlil legacy 2 197.20 646.53 2.71 85116 34233 9360
markedlil semantic 2 1.07 1.02 0.00 20792 39738 9398
zodlil legacy 2 193.88 318.85 1.15 246392 124409 29682
zodlil semantic 2 3.00 2.96 0.03 46044 127782 28326
